[app/ui]
version = 8.0.6
modtime = 1606217687.519060000

[app/launcher]
version = 8.0.6
modtime = 1606217687.523646000

[views/cached_results_vs_search_on_load]
owner = darrend
version = 8.1.3
modtime = 1631521016.748445000

[nav/default]
version = 8.1.3
modtime = 1631521378.695070000
